28039
18806
27691
4026
2095
24134
32490
18608
17383
7541
10873
32138
10816
30651
21626
11520
3846
30302
13300
136
2993
19559
4000
553
22732
26380
32299
30011
1120
29448
12175
2205
4025
25204
16295
28595
31762
12624
11513
14529
7212
10166
21698
14343
1748
20925
26240
27095
12323
30178
21378
5079
15428
16449
6476
25212
31317
145
21404
19855
28295
30247
4149
5686
14604
30794
22342
18457
27181
17074
28368
7539
10552
19030
28331
17021
14179
19021
9170
24982
17882
4019
16476
30747
15736
13744
29924
9733
9133
22046
19552
23353
2578
19386
19315
2009
16599
30834
12557
26181
28388
23898
29346
7621
6212
13886
18361
28640
28666
15622
24887
27186
31269
18659
21559
8916
10373
20275
18006
30634
32486
31502
6179
1784
3594
22477
4269
9446
16091
25112
15342
9998
21509
21828
163
32725
12380
10368
3678
27386
4080
11797
2728
25974
20891
18831
30110
32696
17558
4397
